3222064  36.0  2.0
3289370  31.5  2.7
3688104  13.0  5.0
3705926  40.5  1.3
3707216  39.5  1.3
3707458  32.5  2.7
3708030  24.0  4.0
3709196  36.5  2.0
3714777  34.5  2.3
3717513  19.0  5.0
3717853  23.0  4.0
3717865  41.5  1.0
3717965  39.0  1.3
3718157  31.0  2.7
3718187  28.5  3.3
3719545  35.5  2.0
3720558   9.0  5.0
3723177  41.5  1.0
3725204  26.0  3.7
3725853  37.0  1.7
3725869  25.5  3.7
3728419  23.0  4.0
3730740  20.5  5.0
3730825  35.0  2.0
3733409  33.0  2.3
3733595  30.5  3.0
3733886  16.5  5.0
3733913  25.0  3.7
3735039  33.5  2.3
3735157   8.5  5.0
3735664  14.5  5.0
3739223  30.5  3.0
3739489  34.0  2.3
3743322  24.5  4.0
3743854  36.0  2.0
3743924  42.0  1.0
3744735  41.5  1.0
3746117  30.5  3.0
3746165  26.0  3.7
3747188  40.0  1.3
3749978  36.5  2.0
3750251  40.0  1.3
3750645  23.0  4.0
3753924  31.5  2.7
3754560  33.5  2.3
3758260  27.0  3.3
3758363  27.5  3.3
